[6, 8, 10, 4, 9, 2, 3, 5, 7, 1]

[60, 72, 84, 90, 96, 48, 80, 36, 100, 24, 30, 40, 42, 54, 56, 66, 70, 78, 88, 64, 12, 18, 20, 28, 32, 44, 45, 50, 52, 63, 68, 75, 76, 92, 98, 99, 16, 81, 6, 8, 10, 14, 15, 21, 22, 26, 27, 33, 34, 35, 38, 39, 46, 51, 55, 57, 58, 62, 65, 69, 74, 77, 82, 85, 86, 87, 91, 93, 94, 95, 4, 9, 25, 49, 2, 3, 5, 7, 11, 13, 17, 19, 23, 29, 31, 37, 41, 43, 47, 53, 59, 61, 67, 71, 73, 79, 83, 89, 97, 1]

[840, 720, 960, 900, 360, 420, 480, 504, 540, 600, 630, 660, 672, 756, 780, 792, 864, 924, 936, 990, 576, 240, 336, 432, 528, 560, 624, 648, 810, 816, 880, 912, 180, 252, 288, 300, 396, 450, 468, 588, 612, 684, 700, 768, 800, 828, 882, 972, 980, 120, 168, 210, 216, 264, 270, 280, 312, 330, 378, 384, 390, 408, 440, 456, 462, 510, 520, 546, 552, 570, 594, 616, 640, 680, 690, 696, 702, 714, 728, 744, 750, 760, 770, 798, 858, 870, 888, 896, 910, 918, 920, 930, 945, 952, 966, 984, 1000, 144, 324, 400, 784, 192, 320, 448, 704, 832, 60, 72, 84, 90, 96, 108, 126, 132, 140, 150, 156, 160, 198, 200, 204, 220, 224, 228, 234, 260, 276, 294, 306, 308, 315, 340, 342, 348, 350, 352, 364, 372, 380, 392, 414, 416, 444, 460, 476, 486, 490, 492, 495, 500, 516, 522, 525, 532, 544, 550, 558, 564, 572, 580, 585, 608, 620, 636, 644, 650, 666, 675, 693, 708, 726, 732, 735, 736, 738, 740, 748, 765, 774, 804, 812, 819, 820, 825, 836, 846, 850, 852, 855, 860, 868, 876, 884, 928, 940, 948, 950, 954, 968, 975, 988, 992, 996, 48, 80, 112, 162, 176, 208, 272, 304, 368, 405, 464, 496, 512, 567, 592, 656, 688, 752, 848, 891, 944, 976, 36, 100, 196, 225, 256, 441, 484, 676, 24, 30, 40, 42, 54, 56, 66, 70, 78, 88, 102, 104, 105, 110, 114, 128, 130, 135, 136, 138, 152, 154, 165, 170, 174, 182, 184, 186, 189, 190, 195, 222, 230, 231, 232, 238, 246, 248, 250, 255, 258, 266, 273, 282, 285, 286, 290, 296, 297, 310, 318, 322, 328, 344, 345, 351, 354, 357, 366, 370, 374, 375, 376, 385, 399, 402, 406, 410, 418, 424, 426, 429, 430, 434, 435, 438, 442, 455, 459, 465, 470, 472, 474, 483, 488, 494, 498, 506, 513, 518, 530, 534, 536, 555, 561, 568, 574, 582, 584, 590, 595, 598, 602, 606, 609, 610, 615, 618, 621, 627, 632, 638, 642, 645, 646, 651, 654, 658, 663, 664, 665, 670, 678, 682, 686, 705, 710, 712, 715, 730, 741, 742, 754, 759, 762, 776, 777, 782, 783, 786, 790, 795, 805, 806, 808, 814, 822, 824, 826, 830, 834, 837, 854, 856, 861, 872, 874, 875, 885, 890, 894, 897, 902, 903, 904, 906, 915, 935, 938, 942, 946, 957, 962, 969, 970, 978, 986, 987, 994, 999, 64, 729, 12, 18, 20, 28, 32, 44, 45, 50, 52, 63, 68, 75, 76, 92, 98, 99, 116, 117, 124, 147, 148, 153, 164, 171, 172, 175, 188, 207, 212, 236, 242, 243, 244, 245, 261, 268, 275, 279, 284, 292, 316, 325, 332, 333, 338, 356, 363, 369, 387, 388, 404, 412, 423, 425, 428, 436, 452, 475, 477, 507, 508, 524, 531, 539, 548, 549, 556, 575, 578, 596, 603, 604, 605, 628, 637, 639, 652, 657, 668, 692, 711, 716, 722, 724, 725, 747, 764, 772, 775, 788, 796, 801, 833, 844, 845, 847, 867, 873, 892, 908, 909, 916, 925, 927, 931, 932, 956, 963, 964, 981, 16, 81, 625, 6, 8, 10, 14, 15, 21, 22, 26, 27, 33, 34, 35, 38, 39, 46, 51, 55, 57, 58, 62, 65, 69, 74, 77, 82, 85, 86, 87, 91, 93, 94, 95, 106, 111, 115, 118, 119, 122, 123, 125, 129, 133, 134, 141, 142, 143, 145, 146, 155, 158, 159, 161, 166, 177, 178, 183, 185, 187, 194, 201, 202, 203, 205, 206, 209, 213, 214, 215, 217, 218, 219, 221, 226, 235, 237, 247, 249, 253, 254, 259, 262, 265, 267, 274, 278, 287, 291, 295, 298, 299, 301, 302, 303, 305, 309, 314, 319, 321, 323, 326, 327, 329, 334, 335, 339, 341, 343, 346, 355, 358, 362, 365, 371, 377, 381, 382, 386, 391, 393, 394, 395, 398, 403, 407, 411, 413, 415, 417, 422, 427, 437, 445, 446, 447, 451, 453, 454, 458, 466, 469, 471, 473, 478, 481, 482, 485, 489, 493, 497, 501, 502, 505, 511, 514, 515, 517, 519, 526, 527, 533, 535, 537, 538, 542, 543, 545, 551, 553, 554, 559, 562, 565, 566, 573, 579, 581, 583, 586, 589, 591, 597, 611, 614, 622, 623, 626, 629, 633, 634, 635, 649, 655, 662, 667, 669, 671, 674, 679, 681, 685, 687, 689, 694, 695, 697, 698, 699, 703, 706, 707, 713, 717, 718, 721, 723, 731, 734, 737, 745, 746, 749, 753, 755, 758, 763, 766, 767, 771, 778, 779, 781, 785, 789, 791, 793, 794, 799, 802, 803, 807, 813, 815, 817, 818, 831, 835, 838, 842, 843, 849, 851, 862, 865, 866, 869, 871, 878, 879, 886, 889, 893, 895, 898, 899, 901, 905, 913, 914, 917, 921, 922, 923, 926, 933, 934, 939, 943, 949, 951, 955, 958, 959, 965, 973, 974, 979, 982, 985, 989, 993, 995, 998, 4, 9, 25, 49, 121, 169, 289, 361, 529, 841, 961, 2, 3, 5, 7, 11, 13, 17, 19, 23, 29, 31, 37, 41, 43, 47, 53, 59, 61, 67, 71, 73, 79, 83, 89, 97, 101, 103, 107, 109, 113, 127, 131, 137, 139, 149, 151, 157, 163, 167, 173, 179, 181, 191, 193, 197, 199, 211, 223, 227, 229, 233, 239, 241, 251, 257, 263, 269, 271, 277, 281, 283, 293, 307, 311, 313, 317, 331, 337, 347, 349, 353, 359, 367, 373, 379, 383, 389, 397, 401, 409, 419, 421, 431, 433, 439, 443, 449, 457, 461, 463, 467, 479, 487, 491, 499, 503, 509, 521, 523, 541, 547, 557, 563, 569, 571, 577, 587, 593, 599, 601, 607, 613, 617, 619, 631, 641, 643, 647, 653, 659, 661, 673, 677, 683, 691, 701, 709, 719, 727, 733, 739, 743, 751, 757, 761, 769, 773, 787, 797, 809, 811, 821, 823, 827, 829, 839, 853, 857, 859, 863, 877, 881, 883, 887, 907, 911, 919, 929, 937, 941, 947, 953, 967, 971, 977, 983, 991, 997, 1]

[36, 30, 40, 32, 33, 34, 35, 38, 39, 31, 37]

[30]

[]

