9
6
12
4
9
11
6
14
0
8
6
5
1
6
10
1
5
7
8
12
7
3
4
14
1
8
5
4
10
7
0
7
13
3
12
7
2
7
3
8
14
3
6
10
7
3
13
3
11
1
7
6
9
3
5
12
4
10
12
13
10
0
14
4
14
0
1
12
14
9
12
7
6
3
9
13
1
5
9
6
2
8
13
11
8
7
13
5
3
11
0
2
8
5
4
13
9
1
14
13
6
12
2
2
2
8
1
13
10
10
8
0
3
11
9
7
7
0
2
5
1
3
11
14
2
2
8
2
13
8
14
12
4
12
5
1
14
12
10
1
2
11
0
7
5
4
14
6
13
13
4
9
12
9
1
7
4
9
0
6
13
0
13
11
5
8
0
10
1
9
7
8
13
11
1
1
3
3
3
4
0
7
13
13
14
2
0
0
7
1
11
11
5
3
5
0
3
11
11
0
5
9
2
5
11
9
4
12
13
6
4
10
9
11
6
2
2
5
9
14
14
5
2
12
14
7
11
6
14
10
12
6
14
4
8
0
8
10
12
12
3
6
0
10
4
9
0
4
2
6
1
1
3
14
8
5
11
2
7
9
9
8
5
6
11
6
4
8
10
12
9
10
13
7
8
10
10
1
5
11
10
3
11
2
4
12
8
13
6
10
3
10
1
2
4
14
4
14
12
0
