30
38
40
19
39
29
20
12
9
23
16
8
5
4
15
0
37
30
35
10
25
17
20
4
33
39
10
1
16
26
34
25
3
29
25
18
8
5
17
2
35
21
9
3
18
34
6
1
26
6
4
19
25
2
14
7
25
36
33
32
35
20
19
8
12
8
27
11
41
16
9
37
5
15
24
34
4
14
9
38
17
30
8
21
38
33
7
5
4
2
5
37
17
24
35
5
9
24
27
13
25
10
26
7
34
10
16
21
29
15
4
40
17
3
18
7
5
31
38
27
33
11
41
0
28
2
34
32
12
31
20
13
6
4
32
2
40
6
35
15
36
2
12
5
32
10
36
37
37
9
41
26
28
22
3
31
40
26
11
4
26
11
7
9
41
40
6
16
36
38
25
34
23
30
29
29
14
34
20
1
29
10
31
2
23
5
27
27
3
22
39
41
37
25
37
29
21
3
17
12
12
30
10
4
4
37
13
25
2
23
31
22
32
13
40
36
11
15
10
15
34
41
18
24
0
20
30
5
6
31
15
1
35
10
8
20
16
18
11
28
29
3
28
23
34
19
26
38
1
10
7
40
24
0
37
7
38
8
37
41
25
26
9
32
11
0
35
40
24
0
21
2
33
16
17
29
33
23
37
24
20
14
6
17
15
3
31
6
21
28
3
28
4
25
4
27
21
22
8
8
8
4
15
32
26
16
37
13
19
35
29
21
32
4
7
14
14
14
32
4
5
38
33
17
28
7
15
33
27
11
8
31
40
8
41
33
34
23
17
14
19
40
29
10
37
0
15
26
3
16
38
3
16
20
9
6
38
26
20
15
8
35
16
32
3
25
20
22
19
4
14
28
31
41
24
13
19
11
21
11
32
22
5
11
38
8
29
27
14
14
36
6
41
40
25
27
33
41
6
36
5
18
35
19
0
20
0
8
7
23
31
13
41
22
18
39
1
8
21
18
19
40
35
31
2
1
34
13
24
3
39
27
26
39
33
13
5
18
19
39
24
11
37
12
24
23
6
24
10
13
32
7
23
40
27
32
41
13
21
17
15
12
2
36
21
17
36
41
6
27
4
9
23
0
15
20
19
10
41
27
27
27
0
38
25
27
39
34
31
24
18
2
8
28
10
6
26
6
39
41
38
21
11
3
29
7
35
24
40
24
39
11
34
33
19
34
13
28
34
36
9
10
14
18
30
22
10
5
28
31
24
20
21
25
17
5
36
32
39
18
22
35
3
28
22
27
13
21
13
11
7
37
11
32
35
7
12
1
14
8
11
33
35
19
34
18
9
26
7
34
34
9
19
31
40
41
9
37
2
39
16
19
18
7
7
9
5
22
37
26
11
6
4
11
21
38
8
4
13
23
1
37
8
40
22
20
35
3
26
14
30
37
5
36
29
33
40
0
8
24
15
31
10
31
8
35
0
2
41
25
18
8
1
12
28
7
6
28
24
28
19
16
32
25
5
20
28
9
30
7
11
17
24
35
38
30
3
31
38
39
3
3
1
34
31
14
30
23
8
2
26
5
5
25
39
20
35
22
0
11
11
22
19
26
1
24
0
29
28
18
11
7
27
8
37
35
19
13
39
5
23
27
23
34
39
38
17
16
11
27
5
4
7
28
22
2
38
36
30
13
12
38
33
37
0
17
41
6
33
20
6
6
34
40
29
11
11
25
15
0
4
25
26
40
26
38
4
18
26
14
40
41
0
22
10
32
20
18
6
17
15
5
39
12
29
23
22
25
38
18
31
34
26
10
17
6
22
33
40
14
23
3
37
32
4
20
32
2
14
29
3
27
26
34
5
1
31
24
9
24
26
10
20
34
1
29
40
1
41
4
4
1
37
16
5
31
27
2
37
21
36
18
41
5
16
28
38
37
14
18
19
40
23
2
8
11
28
17
12
14
26
20
22
0
37
20
4
14
13
15
33
33
11
21
23
37
33
26
16
1
3
22
20
15
14
16
16
5
20
12
14
3
41
8
13
11
35
25
12
36
41
28
23
11
5
6
17
10
1
29
32
5
31
22
29
41
18
18
1
4
4
13
18
39
23
13
34
15
1
36
33
36
7
0
24
11
17
4
12
4
36
6
36
25
32
14
7
5
28
23
24
5
25
24
39
9
19
35
31
15
21
30
23
39
25
26
1
2
2
4
2
8
33
4
14
30
29
16
16
12
17
19
6
21
33
20
13
1
22
7
16
35
4
40
18
27
15
28
39
30
31
9
7
14
38
3
1
13
36
11
11
15
31
20
16
30
1
15
37
0
8
15
8
18
31
28
32
11
38
22
30
2
35
4
28
30
3
29
38
37
25
7
30
1
16
25
4
31
41
36
33
2
30
21
35
14
19
18
37
12
26
18
16
29
0
36
37
2
16
19
36
3
32
39
15
20
7
22
21
21
15
14
37
33
23
8
6
5
21
21
3
27
1
17
7
35
0
36
16
36
20
29
19
26
1
8
29
40
3
30
19
11
35
17
2
35
10
36
36
33
32
15
1
2
7
40
28
1
38
6
5
25
2
35
14
30
7
21
36
3
39
16
13
41
22
26
34
27
36
0
39
35
24
30
38
5
35
19
6
37
26
33
28
35
38
20
32
38
5
10
12
21
40
23
12
30
40
14
18
29
0
17
10
16
23
11
0
31
15
9
12
12
22
29
32
40
39
15
31
41
25
29
25
17
22
12
34
13
23
15
39
19
29
30
35
34
10
15
34
30
16
24
14
13
31
13
20
28
31
2
27
12
27
33
24
2
23
24
9
15
28
17
23
27
23
40
0
18
2
22
1
5
28
25
16
16
18
17
18
21
7
2
30
20
27
27
21
26
20
36
33
17
12
33
16
7
38
25
6
21
22
22
33
16
9
26
32
40
21
25
23
24
18
13
20
6
3
6
7
12
32
38
2
0
10
17
21
0
25
24
22
16
31
39
6
34
34
32
5
40
2
41
34
26
29
15
16
24
31
26
8
32
2
2
17
40
16
34
11
1
17
41
29
21
4
0
36
34
6
23
19
33
22
33
3
23
30
2
17
22
6
34
19
35
33
40
8
21
14
27
22
6
41
33
14
24
28
37
33
20
35
32
36
3
20
36
33
25
14
13
13
18
3
41
30
16
0
10
12
26
24
4
25
3
11
7
9
3
3
19
30
19
2
22
9
27
36
15
12
34
6
3
0
12
9
41
24
14
12
30
35
37
5
13
0
32
9
12
24
15
35
19
35
18
40
32
28
11
7
6
29
25
9
15
1
34
12
40
29
30
27
24
28
0
12
23
38
35
37
10
41
18
32
29
17
10
25
39
8
3
39
41
29
26
28
1
28
40
5
12
10
36
36
38
26
37
2
0
8
27
9
15
4
17
39
29
39
36
10
10
28
34
15
24
39
9
9
12
38
13
40
2
30
19
37
33
20
26
18
13
27
1
14
1
23
14
6
17
24
12
14
39
23
35
30
8
1
3
33
28
20
30
18
35
40
17
8
12
17
9
6
38
30
23
26
39
29
41
1
34
8
31
15
3
32
10
13
13
41
39
32
38
30
29
8
28
27
10
26
22
39
22
41
6
32
39
16
31
13
22
23
12
34
4
15
36
17
4
17
14
21
9
32
9
25
30
16
8
10
19
27
23
20
0
0
32
18
0
32
19
41
3
11
7
31
37
29
40
41
30
34
32
17
23
33
35
11
20
10
38
16
21
24
9
4
19
21
27
18
9
0
7
14
10
19
18
28
3
23
31
31
12
6
9
22
19
31
2
27
39
39
21
26
41
32
36
36
13
9
39
21
13
13
5
25
19
27
38
9
0
41
9
13
25
40
39
33
38
15
37
31
31
10
28
4
19
37
17
20
24
13
23
28
30
27
19
36
0
10
25
6
29
1
24
34
12
22
7
21
9
31
39
7
29
5
1
1
1
1
36
37
33
20
16
14
38
38
12
27
21
7
22
8
10
9
40
10
14
38
30
22
9
0
12
21
10
13
28
11
18
2
30
7
7
