346928
337337
337984
346393
372554
345957
357357
318573
310487
312645
326131
400218
357351
324150
353144
298020
322512
347252
311135
385843
327641
352935
349640
294308
305669
324780
337512
328069
343954
299173
298127
323671
360263
343002
310122
302084
337022
337325
352228
312122
325866
333013
329493
363763
329227
353045
310209
359329
334399
349468
365479
307560
338251
356285
313661
323503
320158
303512
371125
355325
354936
316889
386962
358788
325449
331358
301135
355098
368892
345123
325145
337774
357568
339639
344731
330773
343288
344140
321439
375698
319385
341643
336137
334526
350934
376891
314908
325943
368041
359586
346311
331836
365913
345433
352485
347232
320869
350133
345685
327775
339138
315174
364929
298844
346185
345564
340179
349388
331983
337910
325136
328455
365252
321353
340431
322441
328699
337676
320567
315416
